[[[[ 89. 131. 183.]
   [ 36.  86. 193.]
   [163.  90. 171.]]

  [[ 48. 137. 167.]
   [ 38. 109. 230.]
   [ 89. 153. 162.]]

  [[112. 112. 169.]
   [ 55. 168. 209.]
   [ 91.  88. 145.]]]


 [[[172. 203. 128.]
   [201. 137. 125.]
   [157.  63.  38.]]

  [[179. 148. 168.]
   [161.  86. 101.]
   [125. 116.  42.]]

  [[108. 123. 163.]
   [155. 159.  99.]
   [ 81. 122. 106.]]]


 [[[123. 135.  84.]
   [164. 127. 196.]
   [162. 169.  87.]]

  [[ 97.  80.  66.]
   [ 97.  32. 178.]
   [138.  84. 142.]]

  [[194. 200.  94.]
   [207.  54. 144.]
   [100. 134.  85.]]]


 [[[121.  34.  36.]
   [204. 189. 163.]
   [175. 222.  50.]]

  [[122. 117. 105.]
   [ 89. 106. 218.]
   [125.  76.  77.]]

  [[122. 135. 169.]
   [ 97. 184. 232.]
   [ 84.  84.  97.]]]


 [[[ 78.  46.  80.]
   [ 91. 150.  99.]
   [202. 201. 199.]]

  [[ 80.  39. 154.]
   [104. 188.  88.]
   [158. 194. 141.]]

  [[143.  59. 112.]
   [112. 142. 140.]
   [175. 133. 150.]]]


 [[[180. 105. 160.]
   [161.  51. 147.]
   [106. 104. 148.]]

  [[ 92.  88. 190.]
   [139.  53. 146.]
   [ 79.  91. 124.]]

  [[166. 151. 129.]
   [115. 105. 185.]
   [ 97. 143. 188.]]]


 [[[137. 156. 127.]
   [149. 121.  90.]
   [165. 108. 101.]]

  [[116. 169. 122.]
   [160. 150. 104.]
   [154. 164. 132.]]

  [[107. 119. 160.]
   [ 74. 140. 156.]
   [121. 120. 179.]]]


 [[[100. 113.  88.]
   [152. 130.  95.]
   [133. 150. 128.]]

  [[129. 114. 149.]
   [154. 171.  96.]
   [122. 159. 126.]]

  [[152.  95. 161.]
   [168. 105. 168.]
   [165. 169. 169.]]]


 [[[ 95. 130. 105.]
   [182. 127. 217.]
   [125. 133. 225.]]

  [[165.  96. 105.]
   [118.  64. 100.]
   [ 64. 126. 146.]]

  [[176. 152. 174.]
   [143.  45. 128.]
   [152.  94. 147.]]]


 [[[141.  80. 159.]
   [138. 226.  39.]
   [ 95. 151.  98.]]

  [[ 88. 133. 122.]
   [185. 230.  36.]
   [ 98. 159. 179.]]

  [[163. 106. 126.]
   [109. 220.  33.]
   [119. 135. 111.]]]


 [[[207. 176. 132.]
   [172. 135.  49.]
   [196.  72.  52.]]

  [[ 95. 132. 152.]
   [116. 135. 153.]
   [ 96.  72. 145.]]

  [[ 58.  45. 117.]
   [ 58. 197. 199.]
   [139. 175. 201.]]]


 [[[125. 104. 121.]
   [147.  93. 103.]
   [133. 131. 140.]]

  [[ 99. 149. 163.]
   [ 99. 179. 145.]
   [121. 172. 177.]]

  [[197. 121. 130.]
   [166. 168. 149.]
   [160. 176. 164.]]]


 [[[ 97.  81.  41.]
   [135.  79. 132.]
   [ 72.  82. 103.]]

  [[145. 164. 158.]
   [223. 191. 190.]
   [166. 230. 214.]]

  [[130. 123. 134.]
   [ 86.  55.  91.]
   [ 78. 113.  69.]]]


 [[[119. 157. 217.]
   [ 89. 194. 126.]
   [107.  89.  46.]]

  [[112. 193. 194.]
   [155. 218. 147.]
   [105.  44.  41.]]

  [[ 94. 165. 202.]
   [144. 161. 136.]
   [128.  35.  41.]]]


 [[[175.  78.  86.]
   [231. 230. 143.]
   [197. 196. 168.]]

  [[125.  88. 178.]
   [179. 116. 164.]
   [ 99. 137. 197.]]

  [[107.  50. 193.]
   [ 46.  44. 103.]
   [ 40.  24.  81.]]]


 [[[167. 199. 136.]
   [165. 141. 206.]
   [165. 152. 132.]]

  [[122.  94. 131.]
   [ 97.  81. 117.]
   [ 63.  31.  72.]]

  [[176.  77. 152.]
   [108.  50. 123.]
   [ 62.  34. 133.]]]]